2483
1724
2460
2217
2181
1943
2151
1791
2187
2046
1737
1861
1623
2231
1995
1576
1951
1742
2158
2036
2085
1405
1963
1972
1977
2343
2072
1570
1535
1850
1456
2069
1474
2188
2146
1591
2373
2175
1567
1889
2192
2442
2237
1725
2180
1516
1397
2076
1500
1788
1776
1924
1662
2303
1441
2519
1853
1690
1588
2150
1527
1369
1934
2499
2445
2006
2402
2075
1843
1574
1714
2233
2482
1860
1704
1422
1688
2265
1696
1941
1431
2294
1871
1554
2182
1433
2116
1528
2502
2298
1910
1450
2029
2260
2133
1652
1929
1858
1417
2137
1771
1947
2288
2102
2422
1852
1956
1602
1649
2111
2065
1835
1955
1596
1660
1451
2142
2426
1921
1754
1873
1493
1703
1646
1552
1461
1732
1497
1465
1719
2461
1446
1563
2106
1438
2488
2141
2512
2328
1838
2220
2056
2289
1575
1416
1718
1504
2038
1640
1825
1581
1755
2155
1511
1991
2149
1509
1480
2433
1682
2276
1409
2202
1882
2170
2005
1566
2388
1487
2093
2333
1763
2052
1855
1739
2363
2214
2136
2123
2124
2078
1749
2185
2229
2017
2200
2258
1685
2484
2254
2189
1380
1453
2372
1984
1659
2019
2176
1384
1459
2324
2511
1940
1524
1406
2174
2417
1463
2191
1876
1686
2122
1549
1495
1713
2364
1379
1479
1698
2159
1423
2210
2171
1413
1637
2295
1494
1798
2209
2130
2095
2235
2253
1421
1879
1909
2273
2366
1404
2063
2139
2428
2147
1641
1979
2173
2154
1848
1492
1622
1429
1821
2274
1633
2249
2455
1466
2318
2247
1761
2319
2040
2140
1600
2245
1726
1881
1614
2251
1774
2190
1767
1604
2416
2230
2002
1419
1695
1442
1582
2450
1758
1869
1992
2291
1834
1846
1789
2392
1531
1720
1800
2103
1829
1865
1962
2153
2096
1896
1653
2378
2027
1624
1987
2064
2179
2280
2161
2468
2009
2109
2284
1830
1790
1457
2199
1651
1444
1932
2203
2312
2221
1583
2495
1813
1673
2163
2347
1709
1824
2487
2329
1708
1802
1911
2305
2285
2365
2259
1393
1470
1650
1521
1560
1857
2492
1498
2134
2332
1796
2090
1970
2396
2177
2449
1434
2479
1452
2082
2000
2112
1437
1534
1599
1883
2089
1667
1399
2144
1473
1593
1555
1899
1665
1612
2167
1939
1757
2091
2432
2398
2061
1772
1944
1764
1645
2100
2062
1613
2505
2041
1366
1786
2071
2418
1810
2030
2164
1885
1440
1483
2117
2004
2126
1678
2018
2020
2205
1967
1874
1722
1430
2067
1390
1392
2368
2353
2098
2083
2465
2088
1455
1912
2236
1401
1801
1922
2228
1468
2292
2238
2371
1410
1391
2183
1518
2354
2287
1580
1747
1935
1550
2447
1849
2485
2197
2286
2411
1561
2121
1374
2425
1687
2215
2435
1615
2211
2013
2403
2108
2490
1996
1734
1425
1937
2261
2152
1507
1547
1723
2382
1663
2234
1907
2391
2399
2278
2441
2493
1759
2310
2248
1773
2394
1768
1942
2369
1526
2454
2271
1525
1372
2516
2244
1770
1814
1377
1733
1766
2327
1693
1669
1878
2475
2035
1895
2138
1816
2148
2157
1819
2404
2472
1917
1811
1407
1828
1928
2436
2400
2304
1815
2039
2047
1807
1854
1424
1642
1648
2044
2510
2352
2331
1818
1817
2463
2131
1809
1454
1572
1445
2074
1639
2224
2355
2012
1506
1805
1833
2132
1888
1394
2420
1590
1411
2105
1820
1938
1926
1727
1514
2070
1475
2427
2081
2446
1691
2226
2501
1884
1694
2206
1803
2338
2178
1482
1840
1412
1636
1847
2301
1981
1657
2451
2357
1822
2444
2219
1370
1382
1988
2099
1677
2255
1959
1752
2489
2300
2374
2393
1832
2073
1601
2448
2513
2325
2508
1396
1467
2405
1427
2384
2348
1974
2184
1980
1385
1738
1443
1701
1505
2080
1781
1710
1905
2421
1863
1844
1491
1808
2431
1542
1383
1579
1702
2459
1371
2419
1787
1999
2172
1585
2057
1539
1538
1395
1890
1621
2361
1973
1782
1950
1618
1978
2239
2084
1520
2395
2478
2087
1522
2471
1515
2293
2143
2480
2011
1736
1476
1647
1892
1448
2339
1989
1420
1765
1679
1983
1877
1735
1668
1930
2439
1632
1533
1589
2135
1462
2037
1680
1826
1976
2055
1368
2050
2282
1743
2443
2045
2246
2500
2010
1897
2514
2290
2342
1898
1611
1891
2362
2068
2506
2345
2334
2309
1503
1998
1948
2016
1842
1481
1880
1784
1856
1707
2128
1775
2467
2051
1839
2281
2349
2113
2119
2414
1414
1975
2376
1398
2060
1517
1966
2335
2024
1628
2462
1469
2315
1594
1532
1920
1630
2321
2049
2346
1389
1960
2059
2385
1638
1900
1609
1617
2316
1823
2207
1578
1501
2127
1449
1610
1831
1592
2344
2456
1806
2453
1683
1859
2262
1512
2326
1870
1557
2034
2356
2323
1551
1827
1564
1927
1603
1402
2457
1553
2240
1627
1598
2263
2160
1931
1513
1418
2198
1629
1644
2350
2204
1373
2381
1715
1684
2367
1746
2101
1460
2314
2452
1953
1902
1415
2494
1464
2477
2195
1994
1569
2517
1867
2430
1381
1986
1756
2252
2023
1519
1568
1478
1797
1914
1760
1993
1573
1689
1969
2317
1606
2351
2412
2297
2470
1597
2014
1864
1887
2033
2521
1635
1903
2165
2429
1675
2322
1717
1428
1836
1605
1625
2296
1845
1376
2107
2375
1750
2397
2307
1387
1490
2223
2359
1779
1672
2212
1388
2257
1658
2186
1486
1741
1954
2104
1918
1985
1508
2129
1471
1716
2026
1607
2007
2337
2208
1700
1400
2003
1753
1799
1586
2504
2196
1794
1783
1705
1432
1740
1472
2031
1745
2507
2025
1841
2491
1851
1571
1792
1729
2216
1968
1544
1875
2241
2225
1692
1386
2266
1426
1913
1804
1925
2114
2168
1711
1616
1780
1712
1915
1965
1866
2079
2330
2434
2406
2283
1886
2424
2476
2481
1893
1961
2415
1608
2515
2269
1543
2115
1631
2518
1862
1906
2043
1990
2458
2413
2086
1904
1510
2053
1762
2048
1666
1496
1529
2272
2401
1785
2464
2341
2423
1587
2279
1375
1536
2520
2125
2077
2473
1562
1795
2267
1728
1541
1894
1777
1699
2227
2218
1540
1485
1676
2268
2015
2486
1530
2058
2474
1971
2438
1436
1584
2390
1654
2169
1670
2311
1488
1916
2306
2410
1919
1378
1447
1546
2156
1901
2256
1958
2008
2370
1681
1964
2383
2032
1949
2407
2496
1489
1982
1367
2042
1945
1656
2242
2066
2264
1706
1403
2021
1643
1548
1565
1458
2162
2092
2243
1837
2509
1655
1558
2194
1793
1868
2054
1721
2277
1933
1946
1872
1619
1556
1634
2097
2299
2409
2001
2028
2110
2377
1626
1545
1537
1748
2213
2379
1812
2387
1577
2469
1484
2360
2250
2120
1908
2201
1664
2166
1952
1744
1730
2380
1595
1435
1697
2270
1661
2320
2497
2386
1778
1731
2275
2358
1620
1502
2094
2222
1923
1957
2313
1499
1477
1439
1936
2340
1997
2498
1671
2408
2232
1769
2022
2440
2503
2336
2308
1523
1559
2118
2389
2437
1674
2466
2302
2193
1408
2145
1751
