75
1080
1352
712
124
860
1015
1168
535
1008
1257
608
257
865
942
254
527
136
1222
596
1298
1202
1311
1003
440
237
841
436
1173
386
358
686
808
977
261
785
1280
1301
1295
1319
374
874
924
304
957
435
504
642
460
638
7
1309
1291
126
827
668
1011
952
659
164
585
521
1155
94
1147
582
100
1233
960
1226
592
384
495
814
871
1114
363
1049
1045
647
978
618
1244
830
930
391
485
452
1023
522
1138
1032
215
777
173
294
272
425
1341
431
1039
1063
394
934
766
137
419
125
143
1206
838
763
183
929
1174
1262
940
141
318
225
1180
858
275
1231
629
1084
129
1290
935
558
612
931
836
426
380
316
279
1134
621
1052
1200
1162
166
45
190
968
625
49
540
1247
905
44
52
779
1175
1064
846
669
1029
160
56
1171
652
234
1014
465
373
1227
1086
696
85
297
655
1146
907
370
213
192
11
1218
417
886
1353
910
630
360
887
1020
92
817
919
67
1207
58
410
1307
1351
801
1346
590
703
283
78
697
1112
1362
554
329
313
574
1279
1102
1196
236
600
149
740
59
331
282
575
1239
450
1131
235
979
1320
229
305
295
200
1293
1358
0
1275
31
899
988
1220
101
967
1286
1142
1223
277
911
1005
86
346
299
550
594
397
408
293
1076
1072
566
493
409
694
466
941
984
366
966
1042
1050
1067
53
787
1094
650
753
468
1183
1237
1163
746
1013
508
516
209
896
567
175
170
447
928
36
1002
222
336
544
303
1156
969
851
656
37
76
769
202
362
134
291
241
657
1103
1205
414
519
615
1261
349
1165
433
115
748
729
671
664
260
1059
985
866
142
112
570
643
790
106
936
171
704
863
338
649
1135
32
569
180
6
752
1355
1327
46
390
1325
1349
195
1139
449
677
1085
803
273
365
1046
1037
815
738
989
133
1272
1264
1065
783
1117
1232
1235
90
1254
1277
21
378
204
288
1154
267
1130
135
472
54
1274
674
512
971
96
16
1332
81
1250
221
475
1199
1048
994
1297
388
1078
1185
40
354
1201
641
174
880
311
1041
1071
1289
720
289
1178
954
34
123
955
145
74
610
848
975
678
868
428
385
653
13
962
427
335
339
324
1068
881
818
1282
1356
1234
199
541
685
1338
767
341
543
1077
438
1150
459
178
776
663
1333
949
1211
1062
959
893
205
271
9
301
122
469
60
1081
239
1126
1051
1167
399
179
562
1017
1212
518
66
1111
156
120
2
798
320
151
79
873
661
626
1208
1317
945
607
938
292
906
483
315
920
418
1054
168
872
396
708
65
251
1179
1281
501
1242
775
407
1056
980
99
859
25
1365
823
1329
87
197
454
1127
724
888
599
322
266
1204
1
1315
1055
623
83
372
986
1058
1340
879
925
488
270
368
1209
688
831
672
912
1035
444
802
759
1107
416
211
1132
714
68
1331
705
1364
937
982
1091
467
573
337
730
128
110
853
1243
203
695
177
150
233
579
632
478
511
482
118
463
492
1299
152
474
348
764
1060
718
1073
943
159
256
513
536
1267
1164
1221
231
700
262
1113
20
146
104
95
412
1191
1110
340
424
821
796
683
401
169
82
1066
298
1197
855
302
1303
806
442
1119
1088
1089
716
1249
684
240
741
33
1224
27
553
559
589
212
1336
451
105
1092
24
10
706
383
502
1354
325
351
844
915
1016
1306
583
813
903
576
956
995
509
22
819
470
473
422
1137
356
334
1187
109
402
172
1184
854
840
673
185
1083
565
773
1316
755
441
828
1133
238
648
30
147
1248
364
265
991
809
62
900
1170
1255
964
878
3
12
897
725
139
300
1263
155
1043
35
1034
1194
1141
861
947
805
499
188
1031
898
786
437
176
432
646
597
682
545
770
613
665
1305
406
758
290
670
857
820
1294
1028
1188
497
687
19
327
210
586
1345
812
1019
1268
487
1246
713
503
603
23
453
1040
948
791
760
1079
564
443
395
332
1283
389
26
505
310
219
88
506
891
98
1095
77
458
761
1334
1115
624
869
824
1106
367
361
486
913
208
832
404
227
726
1096
345
326
263
191
1210
926
572
352
333
1251
539
636
314
611
826
530
244
274
117
1158
921
1363
1149
93
631
246
556
644
476
993
1047
490
224
317
555
856
735
43
162
107
1198
617
845
737
148
1288
330
1328
264
64
353
595
111
877
357
609
113
182
1021
347
1129
523
481
1090
491
788
581
976
882
127
194
284
1312
834
1193
1360
69
965
350
1030
889
640
1186
382
876
108
1335
287
1075
464
377
131
1159
253
528
702
248
1308
1166
1143
321
890
635
445
423
533
1057
781
1318
1022
997
692
217
153
837
780
1350
102
309
242
446
849
1330
1136
1009
1245
1216
547
165
63
286
745
1252
119
1228
675
904
958
41
223
571
379
400
207
1292
55
471
1033
789
731
1310
1053
307
810
606
1215
323
950
794
577
312
193
158
909
1323
843
1153
220
628
693
1342
1253
1012
614
627
57
376
1241
811
230
709
992
50
1324
138
946
280
666
800
551
996
214
1296
250
728
542
114
276
89
1074
548
1304
1348
894
510
1266
392
103
1116
498
707
1157
531
793
477
457
807
140
455
1098
739
525
972
4
1276
121
842
1087
662
637
1273
517
561
804
187
5
1347
403
70
387
537
546
923
1152
751
144
1169
552
206
568
1122
1300
1260
999
157
1118
754
1104
520
500
549
1024
1144
216
1145
732
1314
1105
72
1192
1225
1161
232
1036
1357
885
448
258
344
479
1321
1258
933
371
870
154
163
1265
538
181
167
750
645
80
306
762
130
605
1123
421
524
73
1203
1236
602
591
782
651
14
765
987
1177
699
1151
883
908
634
944
296
462
252
939
711
1124
342
1007
875
526
319
1038
184
1182
799
496
916
892
480
1285
747
1061
456
439
18
990
639
281
701
622
494
1217
1018
914
1256
816
1082
28
1069
434
268
116
660
902
1259
744
598
1313
161
983
1044
1287
1214
998
249
515
862
560
245
717
415
411
593
850
722
343
1189
584
633
563
784
829
867
616
132
413
757
398
1219
833
47
420
532
604
619
922
795
620
835
1190
768
774
1097
771
970
430
186
1108
381
974
278
84
895
1000
1195
1176
328
201
847
1100
91
1322
529
1359
690
588
901
1120
1070
733
580
39
259
71
226
658
749
8
29
359
1160
1148
721
1181
1140
864
189
953
981
1093
654
1172
1361
792
1271
736
1099
918
369
1109
285
484
1101
1006
228
1027
534
405
676
218
734
1337
772
1004
698
1339
839
825
489
61
723
852
1302
884
1284
196
1343
1128
243
1010
38
727
963
17
667
601
393
1270
507
1025
973
710
269
822
743
679
1238
198
1121
1001
1230
1269
578
1278
1344
680
15
951
429
461
308
917
514
355
932
97
742
1326
48
51
797
247
255
42
719
557
375
587
961
756
1213
1125
1240
681
689
778
715
1026
1229
691
927
