3313
2916
2696
3153
2725
3404
2577
3238
2671
3226
3339
3024
3456
2853
3090
2757
3161
2588
3356
3351
2815
2940
3449
3143
3500
2801
2846
3291
3159
3050
2833
3019
3214
2820
3251
3307
3466
2641
3479
2926
2723
2992
3062
2773
3220
3193
2617
3252
3458
3368
3129
3333
2981
3121
2921
3207
2662
2909
2939
3081
2740
3320
2674
2613
3199
2657
2612
3442
3163
3144
2620
2890
3414
3177
2889
3422
2693
3257
2628
3512
2924
3191
2610
2658
2672
2549
3470
2569
2626
2559
3493
3053
3116
2543
3322
3058
2968
2886
3396
3409
2812
3075
3160
3171
3095
3045
2643
2979
3277
3223
2955
3248
3094
2666
2706
3403
3474
2807
2841
3427
2791
2524
2731
3202
3128
2565
2779
2961
2680
2858
2783
2575
3452
2894
2746
2902
2897
2768
2531
3215
3446
2980
2838
2900
2808
2675
2745
3454
2898
2958
2811
2554
3439
2605
3384
3447
3379
2792
2615
3175
2698
2591
2553
3401
2956
2903
2871
2600
2995
3508
2634
3102
3472
3114
3242
2533
2682
3376
2974
2589
3247
2976
3471
3018
3040
3327
2917
2787
2772
3115
3505
3253
2733
3391
2566
2534
2580
2822
2582
2771
3076
2758
3079
3382
3008
3410
3477
3278
2840
2718
3146
2993
3303
2727
3085
3408
2522
3264
3205
3067
3137
2609
3010
3130
3364
3225
3250
2876
2914
2642
2607
3206
3088
3381
2905
2691
3021
2922
2650
3108
2717
2884
2579
2794
2777
3305
3118
2587
2994
3266
2786
3046
3172
3218
3122
2860
2538
3185
2541
3258
2782
2742
3349
3438
2796
3071
3279
3001
3436
2764
2633
2761
3276
2596
3216
3411
2598
2929
3334
2656
2826
2594
2614
3423
2578
3229
2754
3387
3124
3012
3337
2567
3173
3011
2707
2911
2558
2816
3151
2646
3110
2982
3284
2997
3262
3288
2702
3326
3000
3492
3273
3162
2985
3073
3064
2934
3467
3057
2732
3345
3042
2708
3424
2586
2616
3044
2684
3140
3380
3377
3145
2891
3435
2938
2640
3393
3244
3196
2780
2550
2856
2619
2830
2944
2996
2651
2959
2593
2660
3268
2823
3036
3150
2630
2927
2942
2673
3468
2542
3501
3014
2923
3039
2960
3141
2713
2649
3502
3325
3344
2793
2701
3013
3208
2908
3198
3459
3003
2966
3298
3399
2597
3301
2825
3504
3074
3285
3060
3224
3282
2546
3154
3006
3009
3192
3328
2967
3312
2895
3346
3235
2592
3426
2528
3350
2700
2770
2839
2945
3098
2581
3482
2653
3275
2977
3077
2564
3369
3083
2943
3017
3031
2991
3428
2752
3028
2606
3210
2859
2759
3030
3222
3043
3267
3155
3309
3503
2618
2624
3473
2539
2709
2896
3200
3041
2560
2870
2690
3034
3511
2774
2692
2842
3397
3324
2670
3335
2590
2689
2545
2877
2635
3433
3135
2712
3385
2523
2973
3183
3272
2753
2679
2739
2781
3061
2686
3271
3300
3170
3507
2688
2879
3359
3138
3125
3478
3142
3431
3450
3509
3241
3488
3070
2637
3506
2824
2864
3302
3049
3174
2862
3412
2828
2705
3461
2639
3201
2983
2622
2831
3444
3097
3370
2555
3204
3152
2913
2990
3489
2736
3455
3105
2865
3249
3281
2868
3336
3341
3111
2948
2962
2971
3363
2915
2563
2526
2887
2719
2799
3425
3358
2629
3498
2932
2735
3445
3460
3089
3329
3361
3101
3179
2551
2677
2647
2798
2695
3407
3274
3340
3227
3055
3462
3234
2573
3429
3295
2556
3254
3390
3283
2665
3296
3265
2928
2918
2632
3190
2734
2907
3383
3413
2937
3398
3416
3186
2775
3063
2638
3158
2711
3513
2652
3099
3415
2604
3311
2875
2748
3475
3233
3182
3260
3123
3375
3084
3126
2631
3318
2892
3054
2984
3355
2678
2741
3316
2760
2800
3052
2776
3319
3289
2863
2747
2530
3270
2893
2953
2970
3117
2608
3194
2676
3483
2544
3149
3352
3056
3106
2836
2595
2627
3119
3406
2661
3051
2743
2844
2866
3237
3348
3022
3402
2645
3107
2557
3086
3169
2950
3495
3023
3132
2722
2834
3400
3464
2669
3189
3465
2683
2602
3029
3240
3321
2989
3139
3342
3441
2941
3306
3184
3299
3047
3188
2857
3178
3437
2936
2880
3037
3259
2744
2965
2561
2788
2667
2664
3421
3180
2648
2952
2552
2861
3293
2999
2540
3168
3232
2869
3457
2749
2737
3096
3176
3026
2685
2571
3166
2805
2899
3494
2906
2751
2715
3367
2930
3082
3195
2912
3286
2625
2694
3103
2601
2574
2951
2797
2803
2806
3310
3134
3388
2769
3231
2535
3419
3418
3394
2920
2849
3432
2925
2802
2817
2599
2975
2845
3323
2697
2867
2763
3245
3104
3069
3087
3343
2729
2654
3430
2947
2795
2964
3033
2785
2935
3167
3213
3451
2885
3386
3366
2854
2978
3490
2724
3020
3347
3165
2931
3443
3476
3035
2726
2750
2583
2851
3453
3048
2721
2537
3109
2957
3371
2659
2847
3378
3078
3027
3133
3354
2963
3362
2767
3292
2584
3080
2765
2818
3236
2644
2562
2756
3315
3032
3297
2910
3002
3016
2954
3127
2576
2730
3112
2919
3211
3068
3357
3484
3239
2882
3440
2872
2784
3497
3294
2946
3269
3197
3263
3308
3187
2949
2687
3092
3331
3007
2888
2611
2809
3203
3499
2766
2716
3360
2790
2720
2819
3287
2855
2850
3181
3469
3395
3156
2585
2527
2525
3093
3486
3290
3480
2933
3372
3389
2789
2986
3209
2835
2714
3147
3217
3463
2704
3164
3365
3212
2829
2814
3113
2848
3373
3392
2810
2668
2988
3065
3353
3091
2778
2568
2529
3304
3059
3136
2883
2547
2738
3005
3417
2874
3338
3120
2843
2901
2969
2663
3243
2998
2813
3280
3405
3004
3246
3261
2603
2832
2710
3038
2728
3072
3221
3491
3481
2572
3228
2621
3314
3510
3374
3131
3330
2987
3332
3448
2655
3256
2762
2804
2548
2570
2703
2532
2536
3100
2852
2837
3219
3230
3025
3487
3157
2821
3148
3015
3255
2878
2881
2699
3317
3485
2681
2636
3420
2904
2623
2972
2873
2827
3496
3066
3434
2755
