4071
3825
3846
4187
3684
3988
3919
3586
3832
3514
3851
3830
3852
4003
3548
3622
3926
3602
4125
3918
4014
3857
3810
3994
3864
3632
3531
4054
3997
3878
3688
3839
4121
3759
4100
4048
3522
3589
3639
3675
3611
3574
3815
3978
3725
3740
3795
3859
3765
3814
3804
3842
4039
4043
4024
3736
4177
4119
4154
3662
3868
4160
4073
4027
3636
3667
3965
3892
4098
3944
4036
3767
3906
4134
3894
4015
3968
3940
4096
4113
3550
4005
4158
3674
4083
3649
3855
3901
3735
4184
4078
3844
4179
3627
4062
3533
3867
3546
3712
3697
3873
3961
4149
3970
3806
3920
3716
4009
4087
4038
4069
3682
3743
4085
3784
4183
3787
3527
4044
3520
3707
3909
3824
3687
3726
4086
4126
3579
3889
4023
4084
3947
3782
3585
3780
3930
4079
3768
3742
3981
3696
4111
4061
4156
3750
3642
3799
3565
3796
3757
3542
3794
4182
3819
3963
3848
3536
3648
3608
3630
3788
3587
3564
4094
4101
3807
3720
3595
4067
3886
3958
3758
3734
3882
3705
3948
4174
3952
3652
3525
4109
3650
4135
3908
3955
3883
3845
4022
3618
4046
3976
4107
3661
3764
3987
4058
4104
4001
3885
3984
3552
3762
3641
3897
4168
4065
3998
3790
3775
4136
4142
3571
4167
3524
4035
3544
3969
3962
3835
3692
3612
3583
3746
3672
3647
3613
3912
3698
4055
3921
3624
4053
3699
4185
4150
4016
3717
3637
3756
3708
3907
4060
3959
4105
3709
3818
3937
4170
3685
3659
3731
3876
4012
3826
3653
3727
4178
4041
4000
3827
4057
3594
3843
4106
3875
4120
4173
4188
3669
3737
3572
3928
4131
3714
4047
3680
3777
3567
3945
3549
3690
4180
3703
3914
3931
3553
4052
3871
4110
3604
3977
3772
3785
4190
3761
3702
3792
3862
4151
3938
4075
3935
4082
3732
4072
3600
3949
3903
4112
3821
4070
3896
4114
3528
3561
3615
3691
3911
3831
3791
3881
3569
3993
3537
3925
3877
4122
3927
3631
3916
3751
3704
4077
4166
3858
3614
3923
4028
3671
3517
3838
3620
4117
4129
3822
3769
3603
3829
3562
3771
3657
3558
3929
3663
3809
3774
3760
3823
3802
3516
4006
3887
3975
3651
3683
3971
4004
4115
4068
3972
3879
3556
3575
3689
3597
3677
3733
4155
3655
4063
3619
3884
3849
3783
3654
3995
3910
3817
3681
3722
4034
3745
4030
3956
3609
4165
3904
3557
3719
3841
4097
3596
4020
4091
3535
4026
4051
4050
3833
3895
3816
4116
3869
3979
4118
3986
3854
4066
3580
3563
4092
3741
3590
4127
3793
3837
3960
3646
3728
3538
3905
3900
3738
4152
3625
3730
3710
3668
3763
3539
3922
4138
4033
4076
3856
3744
4080
3605
3891
3898
4153
3638
3899
3617
4049
3695
3519
3954
3983
4099
4095
4161
3747
4032
3953
3543
3644
3534
3941
3950
4010
3754
4163
4141
3715
3694
3786
4102
3634
3874
3582
3836
3606
3545
3755
4042
3943
3591
3781
3766
4169
3770
3924
3665
4108
3670
3540
4181
3673
4064
3991
3678
3616
3990
3610
3547
4157
4147
3666
4148
3973
4011
3805
3964
3629
4146
4081
3789
3934
3601
4171
3989
4128
4189
3801
4137
3840
3626
3724
3853
4175
3888
3753
3676
3570
3633
3532
3518
4017
3870
3628
3932
3778
4145
4172
4144
4002
3890
3748
3797
3729
4140
3686
4031
4021
3749
3847
3679
4159
3577
3568
4103
4025
3999
4056
3951
4088
4133
3581
3529
3798
3850
3915
3530
3560
4123
4139
4037
3660
4029
3834
3643
3860
3865
3811
4176
3974
4040
4164
3902
4018
3584
3566
4162
3893
3645
3658
3599
3711
3936
4089
4093
4130
3700
4008
3656
3723
3588
3526
3966
4132
3808
3635
3812
3573
3803
3739
4007
3701
3982
4143
3706
3913
3996
3554
4186
3861
3576
3541
3800
3640
3872
3555
3779
3551
3985
3718
3813
3946
3980
3880
3933
4019
3992
3592
3559
3863
3773
4124
3917
3942
4013
3578
3607
3664
3957
3593
3776
3967
3693
3598
3623
3515
3820
3939
4074
3523
3721
3866
3713
4059
4045
3752
3828
3621
3521
4090
